Bulb Voltage (V), Bulb Current (A), Cursor 1 (deg), Cursor 2 (deg), Area Under Intensity Curve (V*deg)
4 0.384 14.15633 29.97872 4.5493 21.70017 3.701
5 0.437 14.10459 30.02012 4.4125 20.49978 3.6167
6 0.481 14.66339 30.08221 7.416 21.42077 4.8438
7 0.531 10.04810 30.02012 17.27 22.36245 13.9902
8 0.570 9.86183 29.87524 13.78 22.70394 12.4903
9 0.606 9.96531 30.07186 11.3022 21.37937 10.8629
10 0.645 10.08949 30.00977 12.0174 21.28624 11.0249
4.5 0.412 10.02740 30.02012 6.6372 22.10375 4.7934
5.5 0.463 10.03775 29.98907 10.2455 21.03788 7.6486
6.5 0.508 10.04810 30.04081 11.1487 22.49698 8.3464
7.5 0.549 9.96531 29.91663 13.202 21.66912 10.8076
8.5 0.585 9.94462 29.94768 14.569 23.15926 12.3207
9.5 0.624 9.93427 30.06151 15.5348 21.43111 12.7085
10 0.641 10.08949 29.92698 0.9741 23.74911 0.844